eigenvectors:

1.0000,0.0000,0.0000,0.0000,0.0000,0.0000,0.0000,0.0000,0.0000,0.0000,0.0000,0.0000
0.0000,1.0000,0.0000,0.0000,0.0000,0.0000,0.0000,0.0000,0.0000,0.0000,0.0000,0.0000
0.0000,0.0000,0.7580,0.0000,0.0000,0.0000,-0.6523,0.0000,0.0000,0.0000,0.0000,0.0000
0.0000,0.0000,0.0000,1.0000,0.0000,0.0000,0.0000,0.0000,0.0000,0.0000,0.0000,0.0000
0.0000,0.0000,0.0000,0.0000,1.0000,0.0000,0.0000,0.0000,0.0000,0.0000,0.0000,0.0000
0.0000,0.0000,0.0000,0.0000,0.0000,1.0000,0.0000,0.0000,0.0000,0.0000,0.0000,0.0000
0.0000,0.0000,0.6523,0.0000,0.0000,0.0000,0.7580,0.0000,0.0000,0.0000,0.0000,0.0000
0.0000,0.0000,0.0000,0.0000,0.0000,0.0000,0.0000,1.0000,0.0000,0.0000,0.0000,0.0000
0.0000,0.0000,0.0000,0.0000,0.0000,0.0000,0.0000,0.0000,1.0000,0.0000,0.0000,0.0000
0.0000,0.0000,0.0000,0.0000,0.0000,0.0000,0.0000,0.0000,0.0000,1.0000,0.0000,0.0000
0.0000,0.0000,0.0000,0.0000,0.0000,0.0000,0.0000,0.0000,0.0000,0.0000,1.0000,0.0000
0.0000,0.0000,0.0000,0.0000,0.0000,0.0000,0.0000,0.0000,0.0000,0.0000,0.0000,1.0000


eigenvalues:

1.5428,1.4604,4.8635,0.3725,1.2377,2.2453,0.0303,1.6879,1.5056,0.4625,0.9393,0.8539